3
    0  1  2  3  4
a) [48,31,92,62,96] start
   [48,96,92,62,31] idx = 1 = 31
   [96,48,92,62,31] idx = 0 = 48
   [96,62,92,48,31] idx = 2 = 48
   [96,62,92,48,31] final

    0 1  2  3  4  5
b) [3,12,21,30,18,27] start
   [3,12,27,30,18,21] idx = 2 = 21
   [3,30,27,12,18,21] idx = 1 = 12
   [3,30,27,12,18,21] idx = 3 = 12 no children
   [30,3,27,12,18,21] idx = 0 = 3
   [30,18,27,12,3,21] idx = 1 = 3
   [30,18,27,12,3,21] final

    0  1  2  3  4  5  6  7
c) [27,65,94,80,32,11,98,70] start
   [27,65,94,80,32,11,98,70] idx = 3 = 80
   [27,65,98,80,32,11,94,70] idx = 2 = 94 idx 6 has no children so im not gana waste space
   [27,80,98,65,32,11,94,70] idx = 1 = 65
   [27,80,98,70,32,11,94,65] idx = 3 = 65, again not doing the last one because no children
   [98,80,27,70,32,11,94,65] idx = 0 = 27
   [98,80,94,70,32,11,27,65] idx = 2 = 27, same thing
   [98,80,94,70,32,11,27,65] final


    0  1  2  3  4  5  6  7  8  9  
d) [38,35,86,28,72,40,39,81,10,56] start
   [38,35,86,28,72,40,39,81,10,56] idx = 4 = 72 no change
   [38,35,86,81,72,40,39,28,10,56] idx = 3 = 28, no children after moving on
   [38,35,86,81,72,40,39,28,10,56] idx = 2 = 86 no change 
   [38,81,86,35,72,40,39,28,10,56] idx = 1 = 35
   [38,81,86,35,72,40,39,28,10,56] idx = 3 = no swap
   [86,81,38,35,72,40,39,28,10,56] idx = 0 = 38
   [86,81,40,35,72,38,39,28,10,56] idx = 2 = 38
   [86,81,40,35,72,38,39,28,10,56] final
