1.  [28,52,99,53,41,71,84,83,32]
     1  2  3  4  5  6  7  8  9
2.  [28,52,99,32,41,71,84,83,32]
3.  [28,52,99,32,41,71,84,83,83]
4.  [28,52,84,32,41,84,84,83,83]
5.  [28,52,84,32,41,84,84,71,83]
6.  [28,52,84,32,41,41,84,71,83]
7.  [28,52,84,32,53,41,84,71,83]
8.  [28,52,84,32,53,41,99,71,83]
9.  [28,52,84,32,53,41,99,71,83]
10. [28,52,84,32,53,41,99,71,83]

final [28,52,84,32,53,41,99,71,83]



[0,0,3,1,1,3,0,3,0] // just to help me so i dont have to remember it every time
[01,02,03,04,11,12,31,32,33]