1)15

[15, 19, 24, 29, 32, 33, 39, (41), 45, 49, 53, 58, 60, 66, 70, 74]
[15, 19, 24, (29), 32, 33, 39, 41, 45, 49, 53, 58, 60, 66, 70, 74]
[15, (19), 24, 29, 32, 33, 39, 41, 45, 49, 53, 58, 60, 66, 70, 74]
[(15), 19, 24, 29, 32, 33, 39, 41, 45, 49, 53, 58, 60, 66, 70, 74]
output: 0

2) 74

[15, 19, 24, 29, 32, 33, 39, (41) 45, 49, 53, 58, 60, 66, 70, 74]
[15, 19, 24, 29, 32, 33, 39, 41, 45, 49, 53, (58), 60, 66, 70, 74]
[15, 19, 24, 29, 32, 33, 39, 41, 45, 49, 53, 58, 60, (66), 70, 74]
[15, 19, 24, 29, 32, 33, 39, 41, 45, 49, 53, 58, 60, 66, (70), 74]
[15, 19, 24, 29, 32, 33, 39, 41, 45, 49, 53, 58, 60, 66, 70, (74)]
output: 15

3) 64

[15, 19, 24, 29, 32, 33, 39, (41), 45, 49, 53, 58, 60, 66, 70, 74]
[15, 19, 24, 29, 32, 33, 39, 41, 45, 49, 53, (58), 60, 66, 70, 74]
[15, 19, 24, 29, 32, 33, 39, 41, 45, 49, 53, 58, 60, (66), 70, 74]
[15, 19, 24, 29, 32, 33, 39, 41, 45, 49, 53, 58, (60), 66, 70, 74]
output: -1

4) 20

[15, 19, 24, 29, 32, 33, 39, (41), 45, 49, 53, 58, 60, 66, 70, 74]
[15, 19, 24, (29), 32, 33, 39, 41, 45, 49, 53, 58, 60, 66, 70, 74]
[15, (19), 24, 29, 32, 33, 39, 41, 45, 49, 53, 58, 60, 66, 70, 74]
[15, 19, (24), 29, 32, 33, 39, 41, 45, 49, 53, 58, 60, 66, 70, 74]
output: -1
